-0.0094024
-0.0147558
-0.0121496
0.0228128
0.0109884
0.0220253
-0.0179217
-0.0126375
-0.0015866
0.0089928
-0.0178424
-0.0138382
0.023408
-0.00658219
0.00463615
-0.00946439
0.0112751
0.0161287
-0.0184214
-0.0234045
-0.0158071
0.0326785
-0.000218098
0.0131107
-0.0405866
-0.0263403
-0.0103437
0.000373941
-0.0052683
0.00208636
0.0404635
-0.000109651
-0.00409968
-0.0240074
-0.00918525
0.00623243
0.00851768
-0.0241165
-0.0158779
0.0262947
-0.024243
-0.00334661
-0.0154868
0.00212879
0.0246632
0.0124527
-0.00986391
-0.00700599
0.0223811
-0.00309642
0.000267934
-0.0195235
-0.00652414
0.0239035
-0.00256139
-0.0144927
-0.0149011
0.0362006
-0.00749562
0.00259188
-0.0182871
-0.00526866
0.00275244
-0.0177794
-0.00863069
-0.00917333
0.0405266
-0.00557937
0.0148135
-0.0258351
-0.0248302
-0.00957251
0.00684586
-0.0130181
-0.010347
0.0212638
0.00248595
0.0174555
-0.0112392
-0.00451286
0.0240269
-0.00336687
-0.0158908
-0.00691165
0.0174376
-0.0076115
0.0203296
-0.0183088
-0.00171216
0.00921724
-0.0038992
-0.007216
0.0045886
0.0310886
-0.00701818
0.0137009
-0.0176383
-0.0192026
0.00343284
-0.0171315
-0.0175698
-0.0130008
-0.00179097
-0.0222555
-0.00388987
-0.0241133
-0.0118914
-0.022587
0.0112368
-0.00466196
0.00841677
0.0247628
0.0111073
0.024438
-0.00194198
0.00635138
0.0154172
-0.0067573
-0.0128744
0.00172784
0.00917212
-0.0165688
0.00169836
-0.00032651
0.00233431
0.000134666
-0.0123336
-0.0126808
0.0107745
0.00842097
-0.0012435
0.0125793
-0.00785816
-0.00779487
-0.0198648
-0.0333506
-0.0173201
0.00965273
-0.00276346
-0.0127499
0.0108014
-0.00391451
-0.00352249
-0.0295877
0.00140011
-0.00947937
-0.007285
0.000259355
-0.0249763
-0.00623501
-0.00356248
0.00239031
0.0138127
0.00307369
0.0034147
-0.00589594
-0.00505998
-0.0300314
-0.0116932
-0.0149291
-0.00445857
0.0130517
-0.0187294
-0.00369331
0.0146032
0.00319473
-0.0267987
0.00297926
-0.00500148
0.0119051
-0.0112581
-0.00466697
-0.000131793
-0.0022473
-0.00340705
-0.0245109
-0.000832837
-0.00477524
0.0268322
0.0146176
0.0200533
0.00673143
-0.00214724
-0.00630814
-0.0196671
0.000225947
-0.00678949
0.00982338
0.0146907
-0.0105038
-0.00866096
-0.0231712
-0.00569132
-0.025996
-0.00785606
-0.0135112
0.0107251
0.00617963
0.0119941
0.0126172
0.00232189
0.00696144
-0.0162
0.0140641
0.000606486
0.0298992
0.02358
-0.0166705
-0.0212552
-0.0162231
0.00886944
-0.0186968
-0.00278651
-0.0100344
0.00904988
-0.00563918
-0.00774135
-0.0128053
-0.0258322
-0.00177085
-0.0110853
0.00436146
-0.00358165
0.0171001
0.00438672
-0.0155083
-0.0142705
-0.011586
0.00170396
-0.00327256
0.00826361
-0.0164363
-0.000960932
-0.0175439
-0.00759758
-0.0136222
-0.0162998
0.00538907
-0.000978008
0.00818737
0.0116998
0.0393661
0.00428137
-0.015066
0.00436688
-0.0117077
0.0124769
-0.00217113
0.00822389
0.00352842
0.0280288
-0.000729952
-0.0123264
-0.0091613
-0.00886497
0.00151329
0.00263823
0.00636178
-0.0211408
0.0021619
-0.00634226
-0.0213241
-0.0126789
-0.0177672
0.00111794
-0.00150452
0.00624716
-0.0106746
0.0129624
0.0072375
-0.0148263
0.0071408
0.00082654
0.0148029
0.00552875
0.00639083
-0.0148756
0.00436426
-0.00950449
-0.0231926
-0.00537731
-0.00292259
0.0160843
0.00503145
0.0067144
-0.0150617
0.00289842
-0.0105158
-0.021929
-0.00946855
-0.00747995
0.0180871
0.0284541
0.022654
0.0030503
0.0151611
0.00034761
-0.0248351
-0.00884744
-0.0045339
0.0232704
0.0108816
0.00256328
-0.0164183
0.00059261
-0.0206201
-0.0353607
-0.00720762
-0.00327142
0.0217034
0.0108379
0.0107567
-0.0106904
0.0115812
-0.0185657
-0.0261888
-0.00535825
-0.0196366
0.00303214
0.00912145
0.00602951
-0.0288947
-0.00422828
-0.0200459
0.00143524
0.0076903
-0.000763236
0.011856
-0.000354158
0.00532587
-0.0011286
0.00264002
-0.00644558
0.00263022
-0.00123414
-0.0137938
-0.0171767
-0.0201029
0.00356663
0.0123456
0.0130227
0.005444
-0.000321379
0.00820668
-0.0147389
-0.003212
-0.000687303
0.0051142
-0.0113793
-0.000178381
-0.00447879
-0.00410006
-0.002893
-0.0209438
-0.0253053
-0.0247044
-0.0036412
0.0024783
0.00454684
-0.00702163
0.00251299
-0.0103867
-0.0193421
-0.0114502
0.00228998
0.00792354
0.00946795
0.0250875
0.0124665
-0.0136391
-0.0225676
-0.0398068
-0.00803733
0.00655493
0.00072983
-0.0117357
0.00311763
-0.00811119
-0.0114843
-0.00678195
-0.0280083
-0.0127251
-0.00468052
0.000168863
0.00295371
0.0117718
-0.00273452
-0.0151455
-0.0184471
-0.0337185
-0.0034641
-0.00310226
-0.00571377
-0.0103896
-0.00418138
-0.012568
-0.00692828
-0.00718355
-0.0228694
-0.00558097
0.00437165
-0.00253256
-0.0137474
-0.00787478
-0.00659415
0.000449574
-0.00295786
-0.0145203
-0.00440576
-0.00570305
-0.0155024
-0.0187361
-0.0171321
-0.0100336
-0.00276351
0.00673933
-0.0139529
-0.00476074
-0.00791848
-0.0131568
-0.0222994
-0.00715827
-0.00627561
-0.00186094
0.0150307
-0.000339929
-0.00661224
-0.0264633
-0.0241799
-0.0300532
-0.00938346
-0.00288383
0.00362351
-0.00186656
-0.02397
-0.00115131
0.001433
-0.010287
-0.0126551
-0.0107355
-0.00161396
0.00700444
0.00234162
-0.0294086
-0.0141863
-0.00567796
-0.0163256
-0.00981786
0.00270237
-0.00101934
-0.00364188
0.00346072
-0.00613254
-0.00770291
-0.0230929
-0.0234815
-0.0206536
-0.016527
-0.00877729
0.00486944
0.00119597
-0.0139878
-0.012367
-0.019552
-0.0135937
-0.00474438
-0.0115262
-0.0105097
0.0011957
-0.00167545
-0.0177232
-0.00766521
-0.0206101
-0.0108903
-0.00851464
-0.0023541
-0.00425943
0.0091668
-0.0147562
-0.0206068
-0.00452618
-0.0130798
0.00563601
-0.00852132
-0.0032838
0.00257803
-0.00315214
-0.00728302
-0.0116355
-0.0129705
-0.0182368
-0.00239014
-0.00468894
-0.00219363
-0.0088794
-0.0122844
-0.00964448
-0.00929398
-0.00838925
-0.0119626
0.00294293
-0.00488122
-0.00199363
-0.00692481
-4.11458e-005
-0.00860701
-0.0131348
0.000481966
0.00301757
0.0156843
-0.00358333
0.00317834
-0.000775224
-0.019418
-0.0181525
-0.0297985
-0.00868629
-0.0112533
-0.00892816
-0.0047906
-0.00143551
-0.0137427
-0.013638
-0.00593381
-0.00228876
0.00180752
-0.00743931
0.0112904
0.00644506
0.0115668
-0.0102182
-0.0226147
-0.021604
-0.0147435
-0.00839529
-0.00764528
-0.00313242
0.00269439
0.00435438
-0.0229651
-0.0243474
-0.0119773
-0.00822973
0.0300604
-0.00811048
0.0187339
-0.0328938
-0.0101506
-0.0163418
-0.0133612
-0.00211127
0.00657616
0.0347649
0.00368792
0.00671021
-0.0259718
-0.0098587
-0.00524637
-0.00688588
-0.00942539
-0.00322829
0.0287215
-0.00411521
0.0230115
-0.021326
-0.0113797
-0.00245052
-0.0176766
-0.00536289
0.00536125
0.0277619
-0.00252656
0.01321
-0.0167294
0.00361323
-0.000501107
-0.0142038
-0.00785759
-0.00610794
0.0329786
-0.011757
0.00544182
-0.0287169
-0.0127818
-0.0194792
-0.0273315
0.00157615
0.00845005
0.0404822
-0.0129963
0.0129586
-0.0282855
-0.0273183
-0.022184
-0.0102678
0.00079714
0.00554616
0.0328626
0.00536586
0.0188142
-0.0232315
0.00398628
0.0078135
-0.00548867
0.00426837
0.0118991
0.0324938
-0.00478038
0.0290257
-0.0176468
-0.000805376
-0.00291245
-0.00511879
0.00729519
0.0182527
0.0296878
-0.0132891
0.0146426
-0.0121966
-0.00506604
-0.00209005
-0.00739708
-0.0143895
-0.0104922
0.00484321
-0.0420227
-0.000990915
-0.0195929
-0.0112462
-0.0075308
0.000164164
0.0211009
0.0170848
0.029838
-0.0124902
0.0252028
-0.00183763
0.0201922
0.0120541
-0.00695166
0.00846445
0.0091804
0.0108723
-0.0388907
0.00984452
-0.020647
0.00418035
-0.0146874
-0.0127987
-0.00413417
0.0147499
0.0257169
-0.000248354
0.0188604
0.000409928
-0.00681531
-0.0203292
-0.0416648
0.00456221
0.0337404
0.0313084
0.00602241
0.0198677
-0.00523878
-0.00542315
-0.034596
-0.00582936
0.0230674
0.0303989
0.0365944
-0.00862032
0.0246251
-0.00305951
-0.00102956
-0.0186807
-0.0262898
0.0166656
0.0358908
0.0404141
-0.0132515
0.00399032
-0.00760453
-0.00149441
-0.0279302
-0.0244634
0.0120343
0.031736
0.0251953
-0.0140499
0.0133883
-0.00618684
0.00746954
-0.0252707
-0.0114416
0.0146497
0.0131656
0.00180153
-0.0217857
0.00937842
-0.00678058
0.0200129
-0.00594507
-0.024076
0.0113765
0.0278244
0.0325172
-0.0238498
-0.00324118
-0.000581102
0.0155735
-0.0229909
-0.0154604
0.00483084
-0.00693209
-0.00342924
-0.0217719
-0.00138037
-0.00235102
0.0121707
-0.0126467
0.00585936
0.0123138
-0.0029492
0.00813655
-0.0172774
0.0100455
-0.00867572
0.0140537
0.000655238
-0.0181701
-0.00230745
-0.0117041
0.00987696
-0.023049
-0.00929781
-0.0176264
0.00357704
-0.0122292
-0.0068342
0.0103425
-0.00836276
-0.000180283
-0.0193521
0.00487972
-0.00507413
0.00347866
-0.00733942
-0.0214182
0.0161947
-0.00640212
-0.0024743
-0.0269761
-0.00743706
-0.0146256
-0.00885883
-0.00942711
-0.0189454
0.00323029
-0.0162862
0.00401028
-0.0119402
-0.00615502
0.0097223
0.0239968
0.00386899
-0.0230705
0.00440495
-0.0176552
0.00576359
-0.00554213
-0.00374248
-0.00113478
0.016922
-0.000659704
-0.012928
0.0173651
0.00984891
0.00268779
-0.0201799
-0.006518
0.00353785
0.00985509
-0.0103759
-0.0159946
0.013117
0.00157392
0.00166182
-0.0144016
0.000330328
-0.00447501
0.0179709
-0.0182654
-0.0228384
0.00260875
0.00251291
0.0110792
0.00302027
0.0112515
-0.00142868
0.0122481
-0.0162075
-0.0271067
-0.0045787
-0.00238734
0.00981906
0.00117192
0.0109655
-0.00403003
0.00319978
-0.0278781
-0.00594804
0.0147852
0.00054316
0.0011139
0.0066604
0.0220671
0.00581417
0.0171357
-0.0227
-0.0114942
0.0210642
-0.00113633
-0.013912
-0.00973076
0.0058537
0.00105347
0.0061826
-0.0249141
-0.0137341
0.0108102
0.00317776
0.0211141
0.00453901
0.0101184
-0.0080343
0.00632948
-0.0226819
-0.0126248
0.00891591
-0.00895651
-0.00173304
-0.00355428
-0.000188213
-0.0127535
0.00268994
-0.0227954
-0.00225249
0.0360282
0.001463
-0.00343748
-0.0130359
0.00404341
-0.00761401
0.00144439
-0.0181455
-0.00921952
0.0126852
-0.0159129
-0.0126474
-0.025488
-0.0207563
-0.0209899
-0.0104695
-0.0189188
-0.00106632
0.00258455
-0.0184587
-0.00589766
-0.00199931
0.0099242
-0.00199787
0.0202794
0.00533844
-0.00380068
0.00466359
-0.0215277
-0.0229426
-0.0310989
-0.00544849
-0.00407993
0.0117456
0.000754725
0.00283532
0.0102757
-0.0106548
-0.0134028
-0.0244685
-0.0110934
-0.0125771
0.00623046
0.00354196
-0.0103227
-0.00613905
-0.0210557
-0.0371952
-0.042049
-0.0259064
-0.0174564
-0.00157261
-0.00400803
-0.0101952
-0.00347211
-0.0230719
-0.0190398
-0.0249495
-0.00619179
0.00134997
0.0152658
0.00736438
-0.0141946
-0.0110742
-0.0236624
-0.000770606
-0.00860641
-0.00393878
-0.00355914
-0.000352915
-0.00330443
-0.00820746
-0.0078707
-0.0190817
-0.0260698
-0.0299516
-0.010198
-0.00569561
0.00302339
-0.00426228
-0.00912301
-0.00304552
-0.0240933
-0.00660587
-0.0208167
-0.0117947
-0.006573
-0.00646822
-0.00827536
-0.0068965
-0.000381298
-0.0134952
-6.21329e-005
-0.0126879
-0.0155426
-0.0134263
-0.00201941
-0.00756577
-0.00448365
0.0013021
-0.00694371
-0.0101211
-0.027993
-0.0267672
-0.0171592
-0.0109437
-0.00779844
-0.0179021
0.0035331
-0.0184781
-0.00114115
-0.020371
-0.00620934
-0.0135899
-0.00148883
-0.0185331
-0.00300423
0.00364098
-0.0102652
-0.00666682
-0.0175983
-0.0144101
-0.0208851
-0.00756935
-0.00976598
0.000251266
-0.00290862
-0.012127
-0.00473559
-0.017217
-0.0171584
-0.00676073
-0.0202159
-0.00148393
-0.0028519
-0.00894776
-0.0101269
0.00387563
-0.0147946
-0.00570459
-0.000941515
-0.0163433
-0.00629158
-0.00166307
-0.00593678
-0.0195453
-0.00267841
-0.00763175
-0.0208358
-0.0154347
-0.0243695
-0.00687305
-0.0208892
-0.00504789
-0.016242
0.000916328
-0.00866832
-0.0149216
-0.00904078
-0.0124737
-0.0221091
-0.00475994
-0.0123928
-0.00646928
0.00522418
-0.00945149
0.00191733
0.00219025
-0.000272066
-0.00811733
-0.0169555
-0.0169828
-0.00457415
-0.0030176
-0.0111403
0.00788321
0.00077453
-0.00256511
-0.0117929
-0.0266981
-0.00808104
-0.00864497
0.00756479
-0.0118573
-0.000655808
0.00146855
0.000575696
-0.0266054
-0.0228913
-0.0137031
-0.0102206
-0.0107558
-0.00741864
-0.00168054
-0.00301002
0.00675062
-0.0156853
-0.0137913
-0.0106133
0.00773633
-0.00247262
-0.0111603
0.0130549
0.010692
0.0110731
-0.00110494
-0.0195154
-0.0248915
-0.00618475
-0.00785708
-0.00938282
0.00686114
0.00258369
0.000589247
-0.012241
-0.00967313
0.000183368
0.00277234
-0.0115638
-0.0156312
0.00198879
-0.00391312
0.00829735
-0.00229162
-0.0154249
-0.0115567
-0.00795225
-0.0171884
-0.013544
-0.00178987
-0.00687975
-0.0108682
-0.00904165
-0.00507841
0.00599654
0.00936797
0.0288352
-0.0129408
0.0218667
-0.0178139
-0.019118
-0.0124458
-0.0206188
0.00350085
0.0141938
0.0304696
0.00319611
0.0166072
-0.0179261
-0.0128321
-0.00863663
-0.020335
0.0103135
0.0283416
0.0515563
-0.010108
0.0266545
-0.00835096
-0.00921806
-0.0194756
-0.030945
0.00859314
0.0313063
0.0421374
0.007545
0.0274163
-0.010118
-0.00470338
-0.0297734
-0.0267892
-0.000510994
0.00536543
0.0317134
0.011417
0.0185063
-0.0169676
-0.0036363
-0.0051745
-0.0247343
0.00960371
0.0173433
0.0416068
0.0227828
0.0382479
-0.0066675
-0.00111616
-0.00246575
-0.0436006
0.0145573
0.0254523
0.0409768
0.00970149
0.0246908
-0.00761431
0.00474869
-0.0376304
-0.0415937
0.0275593
0.0268876
0.0532919
0.0181291
0.0371151
-0.0104904
0.0106687
-0.0279381
-0.00956257
0.0147774
0.0304654
0.0418238
0.00551499
0.0285952
-0.00575253
0.0114932
-0.00708772
-0.0362155
0.0130519
0.0335807
0.0318345
-0.0283308
0.0117087
-0.0289198
-0.00546018
-0.03461
-0.0244407
0.0166837
0.0311073
0.0516955
0.0167668
0.0437124
0.00146179
0.00827345
-0.0141977
-0.0335087
0.00719817
0.0411951
0.0332099
-0.00578198
0.0295674
0.00232137
0.00822337
-0.0321761
-0.0145901
0.0356738
0.0532951
0.0541129
0.00354167
0.0289379
-0.00355259
0.00399796
-0.0202673
-0.0437346
0.021264
0.0396048
0.051382
-0.0116218
0.010337
0.00136419
0.00681978
-0.0353755
-0.0346272
0.0275878
0.0552663
0.0544537
0.013704
0.0393338
0.0137174
0.0165326
-0.0247652
-0.0657183
0.00820241
0.0252447
0.0470212
-0.00694722
-0.000958003
-0.00176276
0.00516989
-0.0468222
-0.0145869
0.0196734
0.0320192
0.0404829
-0.0145433
0.005739
0.00811265
0.0239525
-0.00807633
-0.0119764
0.0212205
0.00876768
0.0109132
-0.00752581
0.00759566
0.00833612
0.0169783
-0.0111602
-0.0430233
0.00970156
0.0178749
0.0285677
-0.0158491
9.23766e-005
0.0063528
0.00129312
-0.0341301
-0.0283136
0.0223535
0.0153981
0.0123574
-0.0131391
0.00574916
-0.0047328
-0.00329688
-0.0356888
-0.00397747
0.018737
0.00228783
0.00864132
-0.00636051
0.0115146
0.00585721
0.00958522
-0.011187
-0.0112031
0.0304862
0.0166445
0.00664409
-0.0344078
-0.00111502
-0.00949492
-0.000750468
-0.0199677
-0.0271624
0.0216057
0.0108408
0.0084934
-0.0121962
0.00343298
-0.00520092
0.00325624
-0.0257255
-0.0366628
0.0303926
0.0123597
-0.00558145
-0.0427014
-0.0107405
-0.0179788
0.00332831
-0.0292228
-0.00967539
0.0351493
0.0256562
0.0266734
-0.0168229
0.00919058
0.00155302
0.0111254
-0.0203805
-0.0131882
0.0196428
0.0105833
0.00849175
-0.0243805
0.00740804
-0.00380637
0.0116955
-0.0204107
-0.0228611
0.0323543
0.0178321
0.0126393
-0.0251444
0.00585257
-0.00553481
0.00699806
-0.0266423
-0.0305862
0.00155437
-0.0151077
-0.000893766
-0.0212961
-0.00407352
-0.00596031
0.00190536
-0.0294841
0.00902802
0.0209583
0.00567899
0.000905672
-0.00567958
0.0139771
-0.00105918
0.0159124
-0.00605913
-0.00472014
0.0296473
0.0128922
-0.00349905
-0.0137206
0.00532319
-0.0159744
0.00863216
-0.0166629
-0.0156617
0.00339065
-0.013532
-0.0175981
-0.0178925
-0.00533013
-0.0136752
0.00708154
-0.0156591
-0.024443
-0.0104477
-0.0124207
-0.0159791
-0.0240226
-0.00581622
-0.0219022
-0.00425355
-0.03668
0.00431099
0.0387909
0.0112309
0.00750669
-0.00428672
0.00733893
-0.000399166
0.00390993
-0.00977247
-0.00887057
0.027708
-0.00788317
0.00182026
-0.0222314
-0.0138352
-0.00781051
-0.00112505
-0.0173658
-0.0274999
0.00221804
6.4298e-005
0.0013594
-0.0121872
0.000605547
0.00525223
0.00227316
-0.0197913
-0.0354615
-0.00400497
-0.00978595
-0.00419919
-0.0307466
-0.0228391
-0.0103363
-0.0122692
-0.0190916
-0.000927656
0.0235564
0.00587026
0.011608
-0.0116087
-0.0101829
-0.00280988
0.0106944
-0.00962611
-0.0119052
-0.000960538
-0.00825041
-0.00845453
-0.0264361
-0.00963173
-0.00464602
0.0183479
-0.0152829
-0.0223448
0.00653363
0.00832726
0.00948852
-0.0223822
-0.00919148
-0.00493872
0.000736643
-0.0129154
-0.0255773
-0.0131749
-0.00313229
-0.00613528
-0.030322
-0.00202215
-0.0129922
0.020681
-0.00626885
-0.00801021
-0.0105435
-0.0218042
-0.013788
-0.0215194
-0.00352628
-0.00352134
0.0197099
-0.00107586
0.00776034
0.000699866
-0.0240388
-0.00707997
-0.0179001
-0.00659674
-0.0151071
0.00535015
0.0095953
-0.0184623
-0.00795517
-0.00930979
-0.0100734
-0.0279374
0.00303733
-0.00706869
0.0167423
-0.00162472
-0.00416734
0.00546018
-0.0203859
-0.00859406
-0.0219914
-0.00704223
-0.018387
0.00904331
-0.00938215
-0.00482228
0.00224827
-0.0220405
-0.00667975
-0.0129067
-0.00794204
-0.0170677
-0.00160594
-0.00858273
-0.00571628
0.00670761
-0.0155704
-0.00252825
-0.00812412
-0.00819742
-0.0198041
-0.0133352
-0.0102208
-0.0129852
0.00770595
-0.0135778
-0.00113667
-0.0137657
-0.0123454
-0.0197416
-0.000380967
-0.0171555
-0.0206559
0.0085241
-0.0145672
-0.00493124
-0.00622011
-0.00955453
-0.00329539
-0.00715071
-0.0148749
-0.00414765
0.00791343
-0.0182276
0.00308381
0.00286911
-0.00293183
-0.0153241
-0.0163577
-0.00723863
-0.0161113
0.0154744
0.000989149
0.00860141
-0.00294463
0.00213362
-0.00433264
-0.0157002
-0.02358
-0.0111291
0.00874276
-0.0201755
-0.00901921
-0.00440827
-0.00353409
-0.00016347
0.000585894
-0.0196169
-0.022465
0.0157431
0.00791837
0.00105237
-0.0118911
-0.00980437
-0.00478559
-0.00360173
-0.0267596
-0.0291398
0.00835609
0.00566421
0.00722985
-0.00186273
0.00999243
-0.00249917
-0.00405498
-0.0333799
-0.0289014
-0.00229251
-0.00992377
-0.00954283
-0.00594595
0.00713811
-0.0057117
0.00509809
-0.0250631
-0.0254899
0.00789557
0.00516436
-0.00399368
-0.00915184
-0.00390207
-0.00805709
0.00253502
-0.0312194
-0.0168267
-0.00985616
-0.00715617
-0.00909611
-0.0059065
0.0171063
0.00683473
0.0131702
-0.0217416
-0.00420434
0.00703734
-0.00425278
-0.017182
-0.021281
0.000643263
-0.013337
0.00774394
-0.00103402
-0.0155978
-0.0107137
-0.0023333
-0.0175238
-0.0233261
-0.0148404
-0.0199316
-0.0128858
-0.0065256
-0.003882
-0.00211691
0.0102396
0.00643325
-0.0118187
0.0110156
0.00303533
0.0128489
-0.00242326
-0.0183508
-0.00634098
0.0170119
0.00755796
-0.0075361
-0.00230867
-0.00595417
0.0059567
-0.00633916
-0.0255425
0.00235341
0.0205824
0.0431112
-0.0226694
0.0165057
-0.000355625
0.00484032
-0.0175206
-0.0235248
0.0113321
0.0361986
0.0506463
-0.0127209
0.0286994
0.00558541
0.00707712
-0.0203843
-0.0132084
-0.00516873
-0.00675521
0.0268518
-0.026407
0.0265986
0.0058533
0.00827151
-0.00110629
-0.00804846
0.0054549
-0.00550895
0.0338898
-0.0153407
0.0282754
-0.00651796
0.0186061
0.00324662
-0.0263543
0.0212323
0.0209984
0.0324539
-0.00641143
0.0213506
-0.00386098
-0.00296711
-0.0297192
-0.0318958
0.0254874
0.030259
0.0507024
0.00862644
0.0402008
0.0114218
0.0123863
-0.0354059
-0.0127403
0.00780882
-0.00322416
0.0325827
-0.0197169
0.0253825
-0.00102781
0.00960362
-0.00906182
-0.0227027
0.0179061
0.024487
0.056009
0.00302452
0.0469213
0.012675
0.00524657
-0.022921
-0.0435673
-0.000244728
0.0161746
0.0382588
0.00788376
0.0474779
0.0111073
6.13527e-005
-0.0339175
-0.0601275
-0.0117725
0.00942073
0.0218927
-0.00301966
0.0369043
0.0188798
-0.00443671
-0.0484514
-0.0118414
0.0171353
0.0129768
0.0417445
0.012996
0.0527845
0.0235327
0.00881436
-0.00618956
-0.0170014
0.00769191
0.00326
0.0222086
-0.00737164
0.0346466
0.0187634
0.00592236
-0.0187994
-0.0468787
0.00947638
0.0343099
0.0438504
0.0163628
0.0504612
0.0334916
0.0213382
-0.0404668
-0.0767093
-0.00999887
0.00100777
0.022215
-0.0172246
0.0101943
0.00850562
0.002678
-0.0592404
-0.00985015
0.019635
0.0279175
0.0593941
0.0197061
0.0605359
0.0463674
0.0373087
-0.014866
-0.0460584
0.00480587
0.00231595
0.0304121
-0.00620698
0.033159
0.0199846
0.0298871
-0.0331677
-0.0464038
0.0154368
0.00737908
0.022623
-0.00480112
0.0225624
0.0285973
0.0156725
-0.0323827
-0.0422664
0.0180972
0.00533327
0.00186195
-0.0242759
0.0106911
0.0103567
0.00632152
-0.0402302
-0.0255469
0.0220171
0.00170938
0.0228021
-0.00866241
0.0311817
0.0359414
0.0508918
-0.00786896
-0.0310811
0.00796745
-0.0102462
-0.0150106
-0.0449109
0.00282928
0.0365213
0.0381
-0.0142106
-0.0283184
0.0217749
0.0115758
0.00985404
-0.0258675
0.00260369
0.00422689
0.0191817
-0.020942
-0.0331853
0.0343965
0.0187256
0.00805918
-0.0401605
-0.00883959
-0.00361945
0.0138777
-0.0198192
-0.02254
0.0146746
0.00990559
0.00136469
-0.0511952
-0.00816376
0.020958
0.038041
-0.00293954
-0.0292366
0.0223819
0.0155246
0.00131352
-0.0590915
-0.0215022
0.00175795
0.0154547
-0.0143851
-0.0207106
0.0271686
0.0181222
0.0183522
-0.0259664
0.00421433
-0.00014717
0.00648608
-0.0172818
-0.0250231
0.0107739
-0.00770909
0.0103223
-0.0228275
-0.000148387
-0.00337357
0.00793342
-0.0162587
-0.0226932
0.0195543
0.00991291
0.00618361
-0.0409109
-0.0172398
0.00306522
0.0141861
-0.0178658
-0.0247364
-0.00162885
-0.00819859
-0.00348682
-0.0432202
-0.00805254
0.000941865
0.0220308
-0.0213418
-0.00752997
0.0121479
-0.0060565
0.00139468
-0.00984336
0.00635254
-0.00452284
0.011977
-0.00931947
-0.0264113
-0.00742772
-0.0198667
-0.010802
-0.0143008
0.00902581
-0.00734531
0.00558849
-0.0227998
-0.0131194
0.00646776
-0.00255541
-0.00492658
-0.0292444
-0.00512928
-0.00142209
0.0219166
-0.00528396
-0.0264839
-0.014655
-0.0135715
-0.00887455
-0.0189558
0.00175078
-0.00159011
0.00369511
-0.00471687
-0.0402965
-0.0135303
-0.0143955
-6.35024e-005
-0.00411128
-0.000503281
0.00281726
-0.00124245
-0.0239565
-0.0351504
0.00170544
-0.00277485
-0.00160379
-0.0157902
-0.017142
-0.0102462
-0.00889348
-0.0202767
-0.0202188
-0.0136922
-0.0166779
0.00251504
-0.00769728
-0.00259733
-0.000636512
0.00185696
-0.00768611
-0.014138
0.00149087
0.00238619
-0.00356865
-0.0132468
-0.0136174
-0.00665117
-0.000702446
-0.00485045
-0.0297892
-0.000869013
0.00649324
-0.00259951
-0.0215818
-0.0114713
-0.00993202
-0.00437367
-0.0275529
-0.0282762
-0.00190747
0.00611054
-0.0178329
-0.0407279
-0.00672897
-0.00096097
0.0111219
-0.012868
-0.0132379
0.013828
0.0179655
-0.00123798
-0.0160535
-0.00822632
-0.00379137
-0.00204867
-0.0100353
0.000508814
0.0314184
0.0134624
-0.0056013
-0.0334618
-0.00651311
-0.00434558
0.0235911
0.00534362
-0.0250808
-0.00141759
-0.00674834
-0.0199326
-0.0374802
-0.000637008
-0.00433823
0.0106529
-0.00759218
-0.0136803
0.00519526
-0.0160889
-0.0133058
-0.029536
-0.0187894
-0.0146609
0.00478148
-0.018567
0.012282
0.0155473
0.000348566
-0.0183236
-0.0387923
-0.014446
-0.00364466
0.0245419
0.0112866
-0.00026675
0.00729887
-0.00829159
-0.0199786
-0.0422521
-0.0282618
-0.00950279
0.0186845
-0.00496404
-0.00788918
0.00707471
-0.00497531
0.00591295
-0.0184939
-0.011253
-0.0146873
0.00876257
-0.0101539
-0.0129603
-0.000874263
-0.0153099
-0.00927436
-0.0220047
-0.00975124
-0.0122522
-0.00976232
-0.00369779
-0.000310751
0.00219335
-0.00973121
-0.0063776
-0.0192278
-0.0168411
-0.00945662
0.0054619
-0.0120347
0.000790815
-0.0131021
-0.0192348
-0.00769621
-0.0240048
-0.020606
-0.0206457
-0.00806054
0.00190316
0.00350116
-0.00135078
-0.00832173
-0.00363681
-0.0251209
-0.00213302
-0.0061142
0.00964558
0.00938438
-0.00649206
-0.00571496
0.00263695
-0.00549815
-0.0314798
-0.020371
-0.00203789
0.0192576
0.0061606
0.00538578
-0.00571295
-0.0113952
-0.00151989
-0.0245699
-0.00955832
-0.0192876
0.00265932
0.0179427
-0.00506341
-0.0130953
-0.0111627
-0.0160824
-0.0295299
-0.0172806
-0.0140788
-2.35714e-005
0.0114421
-0.00189306
-0.00143867
0.00351755
-0.00475319
-0.0244553
-0.00385342
0.00285454
0.0184075
0.00282393
-0.00378897
0.00228926
0.00249028
-0.0061618
-0.0169325
0.0122729
0.00596896
0.0121092
-0.0100872
-0.00568282
-0.0153761
-0.00251934
-0.018802
-0.0293839
0.000466361
-0.00608883
-0.00495707
0.00371738
-0.013765
-0.0102972
0.00420652
-0.00624013
-0.0148502
0.0128027
-0.000111234
-0.0102378
-0.0158233
-0.00650757
-0.0077848
0.0104546
0.00481121
-0.0190916
1.2303e-005
-0.00614687
0.000881181
-0.00804083
-0.0226482
-0.0112844
0.0125619
0.00581295
-0.00234158
0.00971348
-0.00356971
-0.00782057
-0.0214407
-0.0140745
-0.00923707
0.00683664
0.0054586
-0.0109633
0.00384993
-0.00864117
-0.0103628
-0.0148985
-0.0151727
-0.0121495
0.00440744
0.00335751
0.00979093
0.0179331
-0.00779753
-0.01869
-0.0179869
-0.0109114
-0.0213995
-0.0267179
0.00572743
-0.0173457
0.0314317
0.00977986
0.00373226
0.00162323
-0.00780067
-0.0198423
-0.0238039
0.0197366
0.00974137
0.0397493
-0.00102759
0.0116384
-0.000788899
-0.00978999
-0.0197568
-0.0282135
0.0147542
-0.0166834
0.0285815
-0.00213824
0.00516688
0.00429502
-0.0278815
-0.0308375
-0.0280035
0.0214587
0.00527538
0.0328564
0.00224173
-0.00146122
-0.0136617
-0.024594
-0.0188097
-0.0178607
0.0190609
-0.00317103
0.0314847
0.0133729
0.0118568
-0.017317
-0.0253785
0.0112874
0.010076
0.0474999
-0.00498321
0.0463949
0.0354017
0.0128995
-0.0324046
-0.026547
-0.0119141
-0.0128736
0.0248471
-5.65374e-005
0.0292536
0.0185608
0.000787211
-0.0203803
-0.0287735
0.0146518
0.0112403
0.0437663
-0.0074042
0.0381319
0.0236046
0.00620216
-0.0287022
-0.0167776
0.0169971
0.0131816
0.0314629
0.000952814
0.0308807
0.016969
0.00995643
-0.0177744
-0.0123592
0.0104339
0.00120665
0.0163837
-0.0193058
0.00949222
0.00213789
0.00820617
-0.0173596
-0.0267959
0.00731642
0.00842894
0.0275583
-0.0173822
0.0300938
0.0151105
0.00803816
-0.0270265
-0.0274784
-0.00117421
-0.00206782
0.0134317
-0.025319
0.0138524
0.0104202
0.00606116
-0.0267151
-0.00759247
0.0262964
0.0166484
0.0348733
-0.00193165
0.0306466
0.0271712
0.0287054
-0.0168442
-0.0425053
-0.00527317
-0.00578555
0.0141363
-0.0205265
0.0166172
0.011461
0.0129394
-0.0456818
-0.00475275
0.0215029
0.0165834
0.0227864
-0.0103046
0.0260478
0.0313873
0.0288786
-0.0158716
-0.0388194
0.00318321
0.0044902
-0.00249522
-0.0385746
0.00711921
-0.00124709
0.00455708
-0.0418661
-0.0409966
-0.00132924
-0.0107469
0.00897675
-0.0159178
0.0237279
0.0230513
0.0474617
-0.0188889
-0.0392431
-0.0117598
-0.0205151
-0.0234219
-0.0479679
-0.0071606
0.0212425
0.0405386
-0.00645332
-0.0328459
0.00316703
0.00991468
0.0151991
-0.0107604
0.0272184
0.0168444
0.0302961
-0.00951324
-0.0276568
-0.0102823
-0.00909954
-0.00199062
-0.0332512
0.00687344
0.0145181
0.0332373
-0.00313625
-0.0206157
0.00354477
6.2843e-005
0.00110943
-0.0395859
-0.000877636
0.0165256
0.0444485
0.0114648
-0.0445472
-0.00778912
-0.00258596
-0.00699248
-0.0563962
-0.016949
0.00350543
0.0167062
-0.00742653
-0.0195768
-0.0082627
-0.00440435
0.00719891
-0.0246778
0.0066921
0.0159058
0.045876
0.0158902
-0.0309475
-0.0197224
-0.0121279
-0.00147718
-0.0328009
0.00388918
0.014218
0.0445354
-0.00405083
-0.0387817
0.00740935
0.0028816
0.00216308
-0.0404564
-0.0134303
-0.00238772
0.00924584
-0.0151836
-0.0293752
0.0026737
-0.000634102
-0.00602227
-0.0399106
-0.0174906
-0.019722
0.016061
-0.0107499
-0.0109713
0.000389837
0.00102934
0.00711506
-0.0140857
0.0133446
0.0120389
0.0437166
-0.000314813
-0.0114389
0.00875113
0.00119554
0.00185087
-0.0194824
-0.00598315
-0.0152293
0.0225746
0.000201336
-0.0275737
0.00380793
-0.00328147
-0.00131285
-0.0366494
-0.0168066
-0.0158785
0.0154477
-0.0203181
-0.0375192
-0.0174559
-0.0026927
-0.00279226
-0.0182432
-0.0111325
-0.00968556
-0.000962937
-0.0237713
-0.0155726
0.0134021
-0.00436871
0.00452985
-0.0140212
-0.0116717
-0.018286
0.0136044
-0.00284908
-0.0180201
0.00660544
0.00219279
0.00242329
-0.0118527
-0.00713015
-0.010865
0.0139624
-0.0130074
-0.0305935
-0.0149572
-0.00682939
-0.00233076
-0.011622
-0.0104403
-0.00729708
0.0021524
-0.0211613
-0.00913997
-0.00136168
-0.00953015
-0.0120889
-0.0223837
-0.0139001
-0.0113056
0.0067739
-0.015784
-0.0174399
0.00725227
0.00849529
0.00812602
-0.0123214
0.00141047
-0.00900715
0.0141292
-0.0289217
-0.00942376
0.00173147
-0.00349897
-0.0135262
-0.0272081
-0.0128545
-0.0114888
0.0147166
-0.0132155
0.00739989
0.0215844
0.0101359
-0.00561021
-0.0242787
-0.0167454
-0.00791368
0.0133015
-0.00427124
0.00834436
0.0293342
0.0120581
-0.0126487
-0.0354876
-0.0211548
-0.0169
0.0124776
0.00413868
-0.00425116
0.0173635
-0.00090848
-0.0112036
-0.029738
-0.0139322
0.00409577
0.0232206
-0.00606646
-0.00370486
0.00911236
-0.0122822
-0.0172167
-0.0315949
-0.0278888
-0.0114521
0.0119145
-0.0037142
0.0214279
0.022117
0.0173093
-0.00416874
-0.0304038
-0.0221741
-0.0125725
0.0220982
0.025364
-0.00788769
-0.00263508
0.00399015
0.00215034
-0.0291029
-0.0232698
-0.0117593
0.0151645
-0.00173175
-0.0163119
-0.00286855
0.0045732
-0.000930259
-0.0274419
-0.0198644
-0.0155449
0.012284
-0.00342268
-0.0401533
-0.0296458
0.00273205
0.00335125
-0.0223045
-0.0261305
-0.0190288
-0.00175921
-0.0252652
-0.0173974
0.00621894
0.00506182
0.0100348
-0.00694477
-0.015909
-0.00586433
0.00746171
-0.0066749
-0.0147441
0.00029146
-0.0140587
0.00149783
-0.0038341
-0.011578
-0.0135667
0.0109907
0.00440218
-0.0377315
-0.0189252
0.000324368
0.0112658
-0.00387986
-0.0104173
-0.00354077
-0.00160634
-0.0227834
-0.0337612
-0.0115465
-0.0158526
0.00183467
0.00461391
0.00358556
-0.0135202
-0.00487727
-0.0140962
-0.0040916
0.00344781
-0.01331
0.00512837
-0.00028305
-0.000140791
-0.0139146
0.0124969
0.0109356
-0.0192062
0.0041999
-0.00128592
-0.01104
-0.0129553
0.000661133
-0.0102755
0.000965055
-0.00441594
-0.0211956
-4.37808e-005
-0.00656459
-0.00740945
0.0113891
0.0124501
-0.0173615
-0.00205368
-0.0106783
-0.0306571
0.00472352
0.00279702
-0.0153158
-0.00818479
0.00504259
-0.0100544
0.00277797
-0.0132643
-0.0210174
-0.00202106
-0.00160536
-0.0128159
-0.0207328
0.010007
-0.00798896
-0.0153763
-0.0129809
-0.0233389
-0.0110525
0.00718159
0.000941749
0.00866213
0.0315711
-0.00298553
-0.0171006
-0.0242256
-0.0278578
0.0155977
0.01023
-0.009223
-0.00873693
0.00322565
-0.0101412
-0.00998699
-0.0277656
-0.0152511
0.023209
0.0236081
0.0157516
0.0125744
0.0267379
-0.00485116
-0.0153813
-0.0143548
-0.026526
-0.0187798
-0.00260469
0.0101314
0.00932686
0.0199156
-0.0119943
-0.0129914
-0.0230697
-0.0252695
-0.018372
0.00291193
0.0079743
0.0121273
0.0148382
-0.0100384
-0.0144066
-0.0222757
-0.0191296
0.000315057
0.00928045
0.0182641
0.00863404
0.0222737
-0.00854454
-0.00627162
-0.0152435
-0.0230828
-0.00880986
0.00608926
0.00317441
-0.00297629
0.00947293
-0.014996
-0.00357371
-0.0222829
-0.00146848
-0.0103095
-0.0196029
0.0181303
-0.0115481
0.0305765
-0.00344557
0.00778246
0.00578013
-0.0143314
-0.0189613
-0.0109298
0.0262734
0.0124585
0.0282645
0.0104209
0.0031619
-0.000895342
0.00373329
-0.00431224
-0.00925346
0.0205404
-0.0248865
0.0247591
-0.0100096
-0.000439621
0.00385381
-0.0104716
-0.0231966
-0.0174515
0.0168205
0.00203983
0.0251804
0.00220219
0.00669266
0.000416021
-0.00903205
-0.0107193
0.00011366
0.0320271
0.00373262
0.0330729
0.0188191
0.0129069
0.00441101
-0.0223794
-0.00135142
-0.00287048
0.0256651
-0.00434005
0.0368352
0.02611
0.0185972
-0.00981321
-0.0189777
-0.0225419
-0.0117325
0.0179423
-0.00570648
0.0238522
0.00785047
0.00962742
0.00917257
-0.0213116
-0.0246891
-0.0142158
0.019173
-0.0363207
0.0261914
0.0146538
0.0229096
-0.00706103
-0.0203975
-0.00263148
0.0020464
0.0222428
-0.0222098
0.0353536
0.0285552
0.0284467
-0.00323977
-0.0258816
-0.0103713
-0.00661743
0.0183409
-0.0237884
0.028965
0.0242736
0.026066
-0.00325753
-0.00646001
-0.0131133
-0.0151893
0.0107947
-0.0408888
0.0159053
0.0059629
0.0224574
0.00594561
-0.0154267
-0.0220258
-0.0254172
-0.0143324
-0.0408278
0.00201835
0.00117487
0.015593
-0.00622379
-0.0147691
0.0125622
0.0194598
0.0298979
-0.0079423
0.0226664
0.0359562
0.0298626
-0.016126
-0.0342444
0.0118987
0.014765
0.012491
-0.0361315
0.00796186
0.00568832
0.0136599
-0.0283083
-0.0167799
-0.00252921
-0.00240474
0.00935405
-0.0172734
0.0230342
0.0220194
0.0210319
-0.00648412
-0.0308082
-0.00551455
-0.0119935
0.00143363
-0.0297286
0.00470669
0.0100798
0.0282829
-0.0205315
-0.0236427
0.018819
0.0203937
0.0176618
-0.0294737
0.0160143
0.0166538
0.0398955
0.000910526
-0.0250127
-0.00730179
-0.000802433
0.0053275
-0.030583
-0.00254885
0.00374255
0.0344375
0.00554768
-0.0176949
0.0125325
0.00854594
0.00952744
-0.0226742
-0.00306407
0.0109688
0.0384361
0.00857078
-0.030598
-0.00312289
-0.00369093
-0.00611242
-0.0366301
-0.0198331
-0.00727911
0.0227017
0.00190966
-0.0279189
-0.00967115
0.00116129
0.00883534
-0.0116111
0.00604398
0.00239291
0.0437393
0.0195255
-0.0267735
-0.0144372
-0.0113092
-0.00403949
-0.0212117
-0.00507473
0.0103105
0.0407415
-0.00249528
-0.0321353
-0.00408052
0.0069168
0.00417167
-0.0119905
0.00242413
-0.0043612
0.0314134
0.00464276
-0.039188
-0.00806654
0.00658647
-0.00418448
-0.0183471
-0.0110966
0.00214227
0.0333351
-0.0119053
-0.0169722
0.00951739
-0.00699814
-0.00748998
-0.0237017
0.00470706
0.0139389
0.0452813
-0.00507575
-0.0318136
0.00597338
-0.0120786
-0.0115128
-0.0234854
-0.00414095
-0.00807521
0.027023
-0.00189315
-0.0361956
0.0105455
-0.000293706
0.00145062
-0.0231654
-0.00623448
0.00623572
0.0299066
-0.012637
-0.0371396
-0.00829091
-0.0148024
0.000641851
-0.0220603
-0.00721819
0.0111673
0.0327909
-0.0149333
-0.0203273
0.0140043
0.00180397
0.00132201
-0.0167241
-0.00803713
-0.00721049
0.0217652
0.0187588
-0.0200524
0.0139643
0.00287685
-0.0032621
-0.0264159
-0.00788942
-0.0104695
0.0167282
0.00559577
-0.027581
0.00190304
0.0037873
0.00261201
-0.0303226
-0.0130467
0.00657876
0.0315134
0.000586807
-0.0348949
-0.00710067
-0.0100982
-0.0150322
-0.0270288
-0.0127815
-0.00326996
0.0241286
-0.00501767
-0.0191426
0.0180381
0.0168702
0.016375
-0.0177668
-0.00709654
-0.013611
0.0154597
-0.00626113
-0.0145048
0.00928045
0.0140647
0.00557283
-0.0165889
-0.0208134
-0.0152525
0.014441
-0.00532034
-0.0260073
0.00184236
-0.00475622
0.000899469
-0.0109486
-0.00620602
0.000143288
0.0225525
-0.00175759
-0.0340376
0.00554533
0.0121933
-0.00202405
-0.0148686
-0.0113829
-0.00606346
0.0179619
-0.0205647
-0.00804153
0.00810481
0.00499641
-0.00760646
-0.0185081
-0.0162858
-0.00493183
0.0275098
0.00243724
-0.0164475
0.00711956
-0.00127965
-0.0174728
-0.0275022
-0.0179449
-0.00653531
0.0147253
-0.00753251
-0.0172642
0.0201074
0.0221865
0.0065633
-0.0121676
-0.00149298
0.00162427
0.0286726
0.00151711
-0.0222403
0.00899791
0.000172254
-0.010322
-0.036931
-0.0206917
-0.0221569
0.0116594
-0.00753492
-0.0205695
-0.00557408
0.00151125
0.000684254
-0.0214133
-0.00925439
-0.00532568
0.0116302
-0.00487247
-0.0421145
-0.0235925
-0.00518182
-0.000407274
-0.0169344
-0.022336
-0.0150522
-0.00356677
-0.0234666
-0.00842569
0.00781506
-0.00327896
-0.000367261
-0.0277443
-0.0181304
-0.0219295
0.008822
-0.000291881
-0.0142909
-0.0175415
-0.0175442
-0.000431418
-0.0291071
-0.0224177
-0.0241101
-0.0036024
-0.00362432
-0.0395995
-0.0143225
-0.00568563
0.00322146
-0.00409842
-0.0150552
-0.0185005
-0.00573498
-0.0267797
-0.0364454
-0.018635
-0.0308407
-0.00861922
0.00415676
0.00129418
-0.021243
-0.0035112
-0.0285082
-0.00675207
0.000514171
-0.00942277
0.00362232
-0.0175289
-0.0151181
-0.0289463
-0.0125708
-0.00120802
-0.000854348
-0.00655917
-0.0297724
-0.00305608
-0.00523679
0.00177557
-0.022858
-0.00508953
0.0027874
-0.029606
-0.016221
-0.0140582
-0.0120873
-0.000565646
0.00855621
-0.0221782
-0.0045685
-0.0242946
-0.0281095
0.00200137
-0.00226121
-0.0247763
-0.00969092
0.00192693
-0.0214421
-0.00554203
-0.0268108
-0.00223233
-0.00288198
-0.0189836
-0.0122585
-0.0195103
0.00289841
-0.0153276
0.0118478
0.00150174
-0.00964476
0.0124932
-0.0132798
-0.0173222
-0.00476831
0.00803598
-0.0193421
0.00332707
-0.00740697
-0.0212848
0.0169354
-0.00279807
-0.0176598
-0.0100411
-0.00504543
-0.0245517
-0.0210265
-0.0278735
-0.00385237
0.0254564
0.0102049
0.00439148
0.000988668
0.00731814
-0.0131666
-0.0199276
-0.0171311
-0.0160332
0.0100708
-0.00749176
-0.00856519
-0.00586206
0.00992236
-0.0238621
-0.0217052
-0.018319
-0.0165534
0.0028401
0.00505775
-0.00332578
-0.00254984
0.00589256
-0.00623777
-0.0152903
-0.00681238
-0.012127
0.00757621
0.0100358
0.0130159
-0.00467161
0.0131457
-0.00581934
-0.00070636
-0.0111766
-0.0205697
-0.00239774
0.00863886
0.00308999
-0.00671841
0.00637685
-0.0179942
-0.000207772
-0.0236324
-0.0234963
-0.00838233
0.000965441
0.00323685
-0.00146131
0.0145445
0.00234922
0.00461946
-0.00659428
-0.0194409
-0.00305535
0.000901088
0.00261166
0.000129072
0.0164813
-0.0135046
-0.00871983
-0.0257924
0.003562
-0.00229218
-0.00435969
0.0113485
-0.0316451
0.0276622
-0.00873886
-0.00882103
-0.0057299
-0.00505182
-0.0124637
-0.00393211
0.0121486
-0.00692008
0.0266518
-0.00441275
-0.0103911
0.000878686
-0.000325406
-0.00516729
-0.00724659
0.00865249
-0.027906
0.021598
-0.00736633
-0.00346926
0.00554391
-0.00368659
-0.00749818
-0.0108652
0.00597441
-0.000224108
0.0265684
-0.00668095
-0.00169191
-0.00195463
-0.00564729
-0.0177707
-0.0144637
0.0154985
-0.0053431
0.0179665
-0.0012563
-0.000832969
0.00588775
-0.0114028
-0.018041
-0.027217
0.0156794
-0.0412695
0.0227767
-0.00112026
0.00282973
0.00316381
0.00216922
0.00171012
-0.0147911
0.00657194
-0.00912118
0.0213501
-0.0114841
-0.00790961
-0.00307814
-0.00259319
-0.00842815
-0.01923
0.0119513
-0.0389679
0.00704487
-0.0190729
-0.00407816
0.00985756
0.00159884
-0.00761499
-0.0162694
0.00639316
-0.0411031
0.0191926
0.000471306
0.0102196
0.0177457
-0.00194505
-0.0107125
-0.0151052
-0.0151903
-0.0416543
0.00328921
-0.00520412
0.00766707
0.00915406
0.0082592
-0.00854159
-0.0164956
0.0101365
-0.0500386
0.0120815
-0.0121725
0.00668747
0.0201966
0.00933063
-0.00763625
-0.0116414
-0.00913958
-0.0399398
0.0144455
-0.00759641
0.0138955
0.0101086
0.000468997
9.23457e-005
0.00114731
-0.0033607
-0.0253236
0.0150278
0.0183562
0.0223511
0.0181517
-0.0205676
-0.00274614
-0.0100931
0.00311598
-0.039552
-0.000653059
0.00275769
0.0134612
-0.00474834
0.0123766
7.04749e-005
0.00264744
-0.00211898
-0.0171972
0.023693
0.0119926
0.0215892
0.0107107
-0.0134065
-0.0116281
-0.00549963
-0.00659232
-0.0294507
0.00642806
0.00525246
0.0077387
-0.00500492
-0.0228841
0.00322717
-0.000277567
0.0115409
-0.0136978
-0.00332751
-0.00230311
0.0206536
0.00599953
-0.0325285
-0.0135654
-0.0160272
-0.00430023
-0.0308989
-0.0175715
-0.0177557
0.0049629
-0.00239437
-0.00309958
0.00517149
0.00748809
0.0119863
-0.00132272
0.0227694
0.0105152
0.0152299
0.0159738
-0.00172424
0.00384211
-0.00670111
0.00511001
-0.0172579
-0.0100868
-0.0101408
0.0121953
0.0125853
-0.0285937
-0.0120104
-0.008295
0.00274205
-0.0167601
0.000276735
-0.0156248
0.0108835
0.00201453
-0.0248941
-0.00556821
-0.00121707
-0.00432431
-0.0232492
-0.0109627
-0.0159004
0.00288608
-0.00680849
0.000475588
-0.0016168
-0.00779516
0.0119326
-0.00514653
0.00830536
-0.00743638
0.010381
0.0107355
-0.00225522
-0.00237615
-0.0141949
0.00317845
-0.00360786
0.00625526
-0.00196234
0.00245824
0.00618929
-0.0266081
0.00689176
-0.00395021
0.000520699
-0.0182527
-0.00661485
-0.00747305
0.00452401
-0.0131917
-0.0409262
-0.0130089
-0.0115842
0.00657196
-0.0253932
-0.00898057
0.000477168
0.00417856
-0.0199352
-0.00278575
0.00592062
-0.00243917
0.0106303
-0.00412811
0.00045325
0.00676301
0.00623549
-0.00588623
-0.0131311
0.00302355
0.0022837
0.0271813
-0.00682305
-0.00388905
0.00168207
-0.000616796
-0.0137464
-0.0385519
-0.00901483
-0.00584805
0.00284457
-0.0221441
-0.00449108
-0.00103666
0.015004
-0.0143338
-0.0324189
-0.0166793
-0.0212718
9.88504e-005
-0.024183
-0.0039857
-0.00637832
0.00979453
-0.0153578
-0.00805594
0.0157736
0.0141044
0.0225021
0.000683484
0.00738889
-0.0038596
0.00258127
-0.0076468
-0.00204469
0.0105078
0.0101575
0.0209098
-0.00454331
0.0268344
-0.00889879
-0.000169114
-0.0142249
-0.0170448
-0.00918297
-0.0111633
-0.000170161
-0.0145398
0.00324805
-0.00680855
0.0104272
-0.00506984
-0.0239279
0.00712888
0.00101568
0.000536371
-0.023625
-0.00543206
-0.0177484
-0.00105871
-0.0269902
-0.00318617
0.0161086
0.00951452
0.015639
-0.0103018
0.0194849
-0.00418086
0.00488178
-0.00859402
-0.0223875
0.0139761
0.00896726
0.0132889
-0.0132177
-0.000577914
-0.0216223
-0.00230574
-0.01966
-0.0121869
0.0169816
0.00986535
0.00584823
-0.00652889
0.00254362
-0.017614
0.00844951
-0.0108871
-0.0158571
-0.00495046
-0.0159933
-0.0154751
-0.0276411
-0.0285244
-0.0303072
0.00948287
0.00275931
-0.019476
0.0100088
-0.000815381
0.0196862
0.00457716
-0.000587892
-0.0233684
-0.00926096
-0.0264888
-0.0291535
-0.0176693
-0.0169383
-1.33699e-005
-0.0225409
-0.0297107
-0.0255948
-0.0130985
-0.0270502
-0.00440041
-0.00349359
-0.00685963
0.00359569
-0.0186836
-0.0132433
-0.0246534
0.00559064
0.00790886
-0.00561996
-0.0202213
-0.0187716
0.00229401
-0.0200241
-0.00771948
-0.037857
-0.018193
-0.00670674
-0.0231239
-0.0239171
-0.0110547
0.0144173
-0.00541071
-0.00850284
-0.0190213
-0.0172754
-0.0189955
-0.0206934
-0.0191749
-0.0197955
-0.000418049
-0.00342265
-0.00288976
-0.0313198
-0.0413396
-0.0287188
0.00431935
-0.00710917
-0.0134048
-0.000330883
-0.0120696
-0.00273678
-0.0348424
-0.021427
-0.003106
0.00485278
-0.00856919
-0.0245736
-0.00407187
-0.00337036
-0.0032771
-0.0324624
-0.0275603
-0.0140581
-0.0122991
-0.00857579
-0.00669475
-0.00207882
0.00384183
0.0011119
-0.0283335
-0.0317299
-0.0228038
-0.0103411
-0.00887218
-0.013138
-0.00124283
0.00403594
-0.00898587
-0.0340062
-0.0303431
-0.0132345
0.0107553
0.00281454
-0.0193934
-0.00397993
-0.00731815
-0.00213227
-0.0207532
-0.00767702
-0.00681837
-0.00173495
0.00627238
-0.0129743
-0.00131143
-0.00351049
0.00692274
-0.0129955
-0.00617886
-0.00763853
-0.0118704
-0.0129908
-0.00965942
0.00495835
-0.00792294
0.000235805
-0.0298039
-0.0197648
-0.0170975
-0.0136243
-0.00821814
-0.00368944
0.0129754
0.00798722
0.0144108
-0.0198547
-0.0152703
-0.0219986
-0.0198145
-0.00368759
-0.00312671
0.0100823
0.0221262
0.0239834
-0.0112672
-0.0177786
-0.0117592
-0.0250984
-0.00886833
0.010033
-0.00191373
0.00566419
0.0265287
0.00223842
-0.0106141
-0.0124761
-0.0260687
-0.011911
-0.0030491
0.0173114
0.0168288
0.0169306
-0.0187279
-0.0203465
-0.0300029
-0.0273978
-0.0101324
0.0083175
0.00661232
0.00798691
0.0248687
-0.00518126
-0.0144177
-0.0253518
-0.0168859
-0.00582829
0.00546202
0.00426263
0.00405056
0.0179343
0.00680431
0.0003306
-0.00857686
-0.0240116
-0.00186675
-0.00541774
0.00580662
0.0097105
0.0209404
-0.00748235
-0.0163058
-0.0309507
-0.0186744
-0.00122497
0.00423788
0.0044059
0.0151465
0.0231758
0.0019976
-0.00522308
-0.0187303
-0.025979
-0.00749088
-0.00430911
0.01484
0.00801068
0.00838225
-0.00872467
-0.0171418
-0.0308203
2.63267
